4 4
-------new_connectvty_mtrx--------
-1 1 0 0 1 0 0 0 0 0 0 0 0 0 0 0 
1 -1 1 0 0 1 0 0 0 0 0 0 0 0 0 0 
0 1 -1 1 0 0 1 0 0 0 0 0 0 0 0 0 
0 0 1 -1 0 0 0 1 0 0 0 0 0 0 0 0 
1 0 0 0 -1 1 0 0 1 0 0 0 0 0 0 0 
0 1 0 0 1 -1 0 0 0 1 0 0 0 0 0 0 
0 0 1 0 0 0 -1 1 0 0 1 0 0 0 0 0 
0 0 0 1 0 0 1 -1 0 0 0 1 0 0 0 0 
0 0 0 0 1 0 0 0 -1 1 0 0 1 0 0 0 
0 0 0 0 0 1 0 0 1 -1 0 0 0 1 0 0 
0 0 0 0 0 0 1 0 0 0 -1 1 0 0 1 0 
0 0 0 0 0 0 0 1 0 0 1 -1 0 0 0 1 
0 0 0 0 0 0 0 0 1 0 0 0 -1 1 0 0 
0 0 0 0 0 0 0 0 0 1 0 0 1 -1 1 0 
0 0 0 0 0 0 0 0 0 0 1 0 0 1 -1 1 
0 0 0 0 0 0 0 0 0 0 0 1 0 0 1 -1 
